cpu_user_time_diff_preds,cpu_user_time_diff_obs,cpu_system_time_diff_preds,cpu_system_time_diff_obs,cpu_idle_time_diff_preds,cpu_idle_time_diff_obs,memory_preds,memory_obs
